layout_spectrum: 0.4731183
typography_spectrum: 0.5573477
color:
  saturation: 0.2867384
  lightness: 1
  brandStrength: 0.9040067
  rhythmicContrast: 0.04121864
name: GC
